[gd_scene format=3 uid="uid://6qsftwvn1vr"]

[ext_resource type="Script" uid="uid://ccx6vy4ddn6wf" path="res://Scripts/level.gd" id="1_02qsi"]
[ext_resource type="Script" uid="uid://i1dbvqbx17t" path="res://Scripts/team_setup.gd" id="2_20fsw"]
[ext_resource type="Texture2D" uid="uid://d4npmvuohgbbo" path="res://Assets/Skyboxes/all_features_skybox_test.png" id="2_24hf6"]
[ext_resource type="PackedScene" uid="uid://juku72fh3dl0" path="res://Scenes/Ships/fighter.tscn" id="2_wndl6"]
[ext_resource type="PackedScene" uid="uid://8dxylurtfwp1" path="res://Scenes/Ships/corvette.tscn" id="3_8iyj5"]
[ext_resource type="PackedScene" uid="uid://dpv3fsfu1trkj" path="res://Scenes/MovementControllers/npc_controller.tscn" id="4_owcqu"]
[ext_resource type="PackedScene" uid="uid://cruqo01kbn3ab" path="res://Scenes/Shield/shield.tscn" id="6_to6tu"]
[ext_resource type="Shader" uid="uid://bm3gcg5xbsv0" path="res://Assets/Shaders/FresnelAura.tres" id="8_x3qal"]
[ext_resource type="PackedScene" uid="uid://cb00fex7moxp5" path="res://Scenes/UI/victory_layer.tscn" id="9_24hf6"]
[ext_resource type="PackedScene" uid="uid://d16idtxuqv0yq" path="res://Scenes/MovementControllers/player_move_schemes/ballistic_movement_v_3.tscn" id="9_vskk7"]

[sub_resource type="PanoramaSkyMaterial" id="PanoramaSkyMaterial_hrnrq"]
panorama = ExtResource("2_24hf6")

[sub_resource type="Sky" id="Sky_txwv0"]
sky_material = SubResource("PanoramaSkyMaterial_hrnrq")

[sub_resource type="Environment" id="Environment_ehjee"]
background_mode = 2
sky = SubResource("Sky_txwv0")
ambient_light_source = 1
reflected_light_source = 1
tonemap_mode = 2
glow_enabled = true
glow_intensity = 2.0
glow_bloom = 0.12
adjustment_enabled = true
adjustment_brightness = 0.9
adjustment_contrast = 1.1
adjustment_saturation = 1.3

[sub_resource type="ShaderMaterial" id="ShaderMaterial_wosky"]
resource_local_to_scene = true
render_priority = 0
shader = ExtResource("8_x3qal")
shader_parameter/FresnelPower = 2.0
shader_parameter/EmissionStrength = 1.0

[sub_resource type="SphereMesh" id="SphereMesh_jhttu"]
resource_local_to_scene = true
material = SubResource("ShaderMaterial_wosky")

[node name="Level05" type="Node3D" unique_id=781614166]
script = ExtResource("1_02qsi")

[node name="DirectionalLight3D" type="DirectionalLight3D" parent="." unique_id=500347851]
transform = Transform3D(-0.866025, -0.433013, 0.25, 0, 0.5, 0.866025, -0.5, 0.75, -0.433013, 0, 0, 0)
shadow_enabled = true

[node name="WorldEnvironment" type="WorldEnvironment" parent="." unique_id=1853539827]
environment = SubResource("Environment_ehjee")

[node name="RedTeam" type="Node3D" parent="." unique_id=1620712570]
script = ExtResource("2_20fsw")

[node name="FighterNPC" parent="RedTeam" unique_id=523287538 instance=ExtResource("2_wndl6")]
transform = Transform3D(1, -4.37114e-08, 0, 3.72442e-08, 0.852047, 0.523466, -2.28814e-08, -0.523466, 0.852047, -14.921, 0, 0)

[node name="NPCFighterStateMachine" parent="RedTeam/FighterNPC" unique_id=253467937 instance=ExtResource("4_owcqu")]

[node name="Shield" parent="RedTeam/FighterNPC" unique_id=330872333 instance=ExtResource("6_to6tu")]
transform = Transform3D(20, 0, 0, 0, 20, 0, 0, 0, 20, 0, 0, 0)

[node name="FighterNPC2" parent="RedTeam" unique_id=909217864 instance=ExtResource("2_wndl6")]
transform = Transform3D(1, -4.37114e-08, 0, 4.37114e-08, 1, 4.37114e-08, 0, -4.37114e-08, 1, -5.56907, 0, 18.7087)

[node name="NPCFighterStateMachine" parent="RedTeam/FighterNPC2" unique_id=648312765 instance=ExtResource("4_owcqu")]

[node name="Shield" parent="RedTeam/FighterNPC2" unique_id=877305172 instance=ExtResource("6_to6tu")]
transform = Transform3D(20, 0, 0, 0, 20, 0, 0, 0, 20, 0, 0, 0)

[node name="FighterNPC3" parent="RedTeam" unique_id=232703255 instance=ExtResource("2_wndl6")]
transform = Transform3D(1, -4.37114e-08, 0, 4.37114e-08, 1, 4.37114e-08, 0, -4.37114e-08, 1, 31.244192, 4.56897, 58.383106)

[node name="NPCFighterStateMachine" parent="RedTeam/FighterNPC3" unique_id=1190468576 instance=ExtResource("4_owcqu")]

[node name="Shield" parent="RedTeam/FighterNPC3" unique_id=1070050771 instance=ExtResource("6_to6tu")]
transform = Transform3D(20, 0, 0, 0, 20, 0, 0, 0, 20, 0, 0, 0)

[node name="FighterNPC4" parent="RedTeam" unique_id=115272914 instance=ExtResource("2_wndl6")]
transform = Transform3D(0.00529216, 0.812389, 0.583092, -0.00737289, 0.583116, -0.812356, -0.999959, 4.33129e-08, 0.00907559, 8.72978, -236.84882, 9.72695)

[node name="NPCFighterStateMachine" parent="RedTeam/FighterNPC4" unique_id=1753220561 instance=ExtResource("4_owcqu")]

[node name="Shield" parent="RedTeam/FighterNPC4" unique_id=1787504098 instance=ExtResource("6_to6tu")]
transform = Transform3D(20, 0, 0, 0, 20, 0, 0, 0, 20, 0, 0, 0)

[node name="FighterNPC5" parent="RedTeam" unique_id=1825615101 instance=ExtResource("2_wndl6")]
transform = Transform3D(-0.826904, 1.15643e-08, 0.562343, 0.49261, 0.482319, 0.724364, -0.271229, 0.875995, -0.398832, 0, 8.39291, -16.0877)

[node name="NPCFighterStateMachine" parent="RedTeam/FighterNPC5" unique_id=889284503 instance=ExtResource("4_owcqu")]

[node name="Shield" parent="RedTeam/FighterNPC5" unique_id=1628355450 instance=ExtResource("6_to6tu")]
transform = Transform3D(20, 0, 0, 0, 20, 0, 0, 0, 20, 0, 0, 0)

[node name="Corvette" parent="RedTeam" unique_id=1266185404 instance=ExtResource("3_8iyj5")]
transform = Transform3D(0.16862698, 0, 0.9856799, 0, 1, 0, -0.9856799, 0, 0.16862698, 24.458979, 13.902914, 0)

[node name="NPCFighterController" parent="RedTeam/Corvette" unique_id=534150571 instance=ExtResource("4_owcqu")]

[node name="BlueTeam" type="Node3D" parent="." unique_id=1565277182]
script = ExtResource("2_20fsw")
team = "blue team"

[node name="FighterNPC" parent="BlueTeam" unique_id=858292236 instance=ExtResource("2_wndl6")]
transform = Transform3D(0.67309, 2.90552e-09, -0.739561, 4.37114e-08, 1, 4.37114e-08, 0.739561, -6.17489e-08, 0.67309, -15.7664, 0, 62.1026)

[node name="NPCFighterStateMachine" parent="BlueTeam/FighterNPC" unique_id=373043918 instance=ExtResource("4_owcqu")]

[node name="Shield" parent="BlueTeam/FighterNPC" unique_id=1243220604 instance=ExtResource("6_to6tu")]
transform = Transform3D(20, 0, 0, 0, 20, 0, 0, 0, 20, 0, 0, 0)

[node name="FighterNPC2" parent="BlueTeam" unique_id=1692122771 instance=ExtResource("2_wndl6")]
transform = Transform3D(0.519671, -0.729458, 0.444783, -0.554188, -0.684025, -0.474326, 0.650244, 4.78559e-09, -0.759726, -50.8924, 0, 0)

[node name="NPCFighterStateMachine" parent="BlueTeam/FighterNPC2" unique_id=15707187 instance=ExtResource("4_owcqu")]

[node name="Shield" parent="BlueTeam/FighterNPC2" unique_id=1786556106 instance=ExtResource("6_to6tu")]
transform = Transform3D(20, 0, 0, 0, 20, 0, 0, 0, 20, 0, 0, 0)

[node name="FighterNPC3" parent="BlueTeam" unique_id=305524321 instance=ExtResource("2_wndl6")]
transform = Transform3D(-0.987167, 3.61701e-08, 0.159692, -0.139389, 0.487966, -0.861661, -0.0779242, -0.872862, -0.481704, 0, -18.5198, -23.3972)

[node name="NPCFighterStateMachine" parent="BlueTeam/FighterNPC3" unique_id=1291651512 instance=ExtResource("4_owcqu")]

[node name="Shield" parent="BlueTeam/FighterNPC3" unique_id=280638432 instance=ExtResource("6_to6tu")]
transform = Transform3D(20, 0, 0, 0, 20, 0, 0, 0, 20, 0, 0, 0)

[node name="FighterNPC4" parent="BlueTeam" unique_id=1731834923 instance=ExtResource("2_wndl6")]
transform = Transform3D(-0.622027, 0.533939, -0.572705, 0.392804, 0.845523, 0.361658, 0.677338, 2.54983e-09, -0.735672, 22.3963, -2.21217, 0.00296021)

[node name="NPCFighterStateMachine" parent="BlueTeam/FighterNPC4" unique_id=557704251 instance=ExtResource("4_owcqu")]

[node name="Shield" parent="BlueTeam/FighterNPC4" unique_id=105312712 instance=ExtResource("6_to6tu")]
transform = Transform3D(20, 0, 0, 0, 20, 0, 0, 0, 20, 0, 0, 0)

[node name="FighterNPC5" parent="BlueTeam" unique_id=42594063 instance=ExtResource("2_wndl6")]
transform = Transform3D(-0.983096, 3.49692e-08, 0.183094, 4.37114e-08, 1, 4.37114e-08, -0.183094, 5.09758e-08, -0.983096, 33.3498, 0, 26.4809)

[node name="NPCFighterStateMachine" parent="BlueTeam/FighterNPC5" unique_id=2108723190 instance=ExtResource("4_owcqu")]

[node name="Shield" parent="BlueTeam/FighterNPC5" unique_id=806099392 instance=ExtResource("6_to6tu")]
transform = Transform3D(20, 0, 0, 0, 20, 0, 0, 0, 20, 0, 0, 0)

[node name="Corvette" parent="BlueTeam" unique_id=1078091814 instance=ExtResource("3_8iyj5")]
transform = Transform3D(0.9999995, -0.0009773843, 0, 0.0009773843, 0.9999995, 0, 0, 0, 1, 0, 0, -61.66853)

[node name="NPCFighterController" parent="BlueTeam/Corvette" unique_id=84206167 instance=ExtResource("4_owcqu")]

[node name="PlayerCorvette" parent="BlueTeam" unique_id=1134075911 instance=ExtResource("3_8iyj5")]
transform = Transform3D(1, 0, 0, 0, 1, 0, 0, 0, 1, 0, 0, 165)
is_player = true

[node name="FresnelAura" parent="BlueTeam/PlayerCorvette/Shield" parent_id_path=PackedInt32Array(1134075911, 2025902563) index="0" unique_id=556348261]
mesh = SubResource("SphereMesh_jhttu")

[node name="HitScanGun" parent="BlueTeam/PlayerCorvette/WeaponHandler" parent_id_path=PackedInt32Array(1134075911, 370825666) index="2" unique_id=1687734169]
fire_rate = 1.0

[node name="BallisticMovementV3" parent="BlueTeam/PlayerCorvette" unique_id=452116034 instance=ExtResource("9_vskk7")]

[node name="VictoryLayer" parent="." unique_id=1967853426 instance=ExtResource("9_24hf6")]
visible = false

[editable path="BlueTeam/PlayerCorvette"]
[editable path="BlueTeam/PlayerCorvette/Shield"]
[editable path="BlueTeam/PlayerCorvette/WeaponHandler/GatlingGun/GunModel"]
[editable path="BlueTeam/PlayerCorvette/WeaponHandler/HitScanGun/Node"]
